0 1 2 3 4 , 0 10 20 30 40
1 2 10 11 21 , 0 1 11 21 12 , 0 10 11 12 21 , 2 12 11 10 21 , 1 11 12 10 20 , 1 11 10 12 22 , 1 11 21 12 20 , 1 11 21 10 22
0 1 10 20 30 , 0 1 11 21 31 , 0 10 20 30 31 , 1 11 21 31 30 , 0 10 11 12 13 , 3 13 12 11 10 , 0 1 2 3 10 , 0 1 2 3 13
0 10 1 11 21 , 0 10 20 1 11 , 0 1 2 11 12 , 0 1 2 10 11 , 0 10 20 11 21 , 1 10 20 11 21 , 1 2 10 11 12 , 0 1 10 11 12
0 10 20 21 31 , 1 11 21 20 30 , 0 1 11 12 13 , 10 11 12 2 3 , 0 10 11 21 31 , 1 11 10 20 30 , 10 11 1 2 3 , 0 1 2 12 13
0 1 2 11 21 , 0 10 20 11 12 , 10 11 12 2 22 , 1 11 21 20 22
0 10 11 12 2 , 0 1 2 10 30 , 0 1 11 21 31 30 , 0 1 10 20 21
0 10 20 21 22 , 20 21 22 12 2 , 0 1 2 12 22 , 0 1 2 10 20
20 21 11 12 2 , 0 10 11 21 22 , 0 1 11 12 22 , 1 2 11 10 20
1 11 21 10 12
1 11 21 31 10 , 0 10 20 30 11 , 0 10 20 30 21 , 0 10 20 30 21 , 1 11 21 31 20 , 10 11 12 13 1 , 10 11 12 13 2 , 0 1 2 3 11 , 0 1 2 3 12
1 2 11 21 20 , 0 1 11 21 22 , 2 12 11 10 20 , 0 10 11 12 22
